Opponent,Wins,Losses,Win Pct,Games,Completions,Attempts,Comp Pct,Yards,Yards per Attempt,YDS/G,TDs,INTs,Passer Rating,TD Pct,INT Pct,Sacks,Sack Yards Lost,Rank
Ravens,4,3,0.571,7,130,224,58.0,1340,6.0,191.4,5,1,81.0,2.2,0.4,17,120,2
Chargers,2,1,0.667,3,51,78,65.4,639,8.2,213.0,3,4,82.2,3.8,5.1,8,53,3
Vikings,1,1,0.500,2,44,65,67.7,526,8.1,263.0,2,2,89.6,3.1,3.1,5,51,4
Packers,1,1,0.500,2,29,58,50.0,369,6.4,184.5,2,4,53.0,3.4,6.9,9,66,5
Titans,4,2,0.667,6,141,210,67.1,1557,7.4,259.5,13,5,99.6,6.2,2.4,11,58,6
Texans,1,4,0.200,5,87,157,55.4,980,6.2,196.0,3,3,72.7,1.9,1.9,15,123,7
Jaguars,2,2,0.500,4,89,136,65.4,1046,7.7,261.5,7,3,96.6,5.1,2.2,4,35,8
Dolphins,14,3,0.824,17,389,584,66.6,4608,7.9,271.1,45,11,108.3,7.7,1.9,32,177,9
Jets,11,4,0.733,15,285,451,63.2,3097,6.9,206.5,16,11,85.0,3.5,2.4,28,135,10
Lions,3,0,1.000,3,60,102,58.8,819,8.0,273.0,5,1,96.8,4.9,1.0,4,25,11
Patriots,9,7,0.563,16,290,474,61.2,3330,7.0,208.1,29,11,93.1,6.1,2.3,21,143,12
Giants,2,0,1.000,2,38,60,63.3,422,7.0,211.0,3,1,93.9,5.0,1.7,3,16,13
Bengals,2,2,0.500,4,96,144,66.7,1016,7.1,254.0,5,3,89.9,3.5,2.1,6,32,14
Eagles,0,3,0.000,3,68,120,56.7,770,6.4,256.7,4,1,83.7,3.3,0.8,10,72,15
Commanders,3,0,1.000,3,66,95,69.5,736,7.7,245.3,6,1,108.9,6.3,1.1,2,14,16
Browns,2,1,0.667,3,52,87,59.8,593,6.8,197.7,1,0,84.1,1.1,0.0,5,52,17
Broncos,3,1,0.750,4,78,117,66.7,993,8.5,248.3,7,3,102.3,6.0,2.6,4,23,18
Cowboys,2,0,1.000,2,26,39,66.7,325,8.3,162.5,2,0,109.5,5.1,0.0,5,36,19
Steelers,5,1,0.833,6,123,203,60.6,1397,6.9,232.8,12,4,92.7,5.9,2.0,7,46,20
Rams,2,1,0.667,3,72,101,71.3,950,9.4,316.7,10,3,121.3,9.9,3.0,6,42,21
Raiders,2,0,1.000,2,55,71,77.5,562,7.9,281.0,5,0,123.1,7.0,0.0,3,21,22
Chiefs,5,5,0.500,10,232,359,64.6,2573,7.2,257.3,20,4,99.7,5.6,1.1,15,124,23
Seahawks,2,0,1.000,2,55,72,76.4,698,9.7,349.0,5,1,123.5,6.9,1.4,8,31,24
Cardinals,1,1,0.500,2,50,72,69.4,516,7.2,258.0,4,2,96.8,5.6,2.8,2,10,25
49ers,2,0,1.000,2,45,57,78.9,523,9.2,261.5,6,0,140.0,10.5,0.0,1,7,26
Colts,2,1,0.667,3,69,107,64.5,813,7.6,271.0,4,4,84.4,3.7,3.7,5,31,27
Saints,2,0,1.000,2,39,50,78.0,469,9.4,234.5,6,3,120.3,12.0,6.0,5,30,28
Buccaneers,2,1,0.667,3,86,124,69.4,949,7.7,316.3,7,4,97.1,5.6,3.2,5,27,29
Panthers,2,0,1.000,2,31,53,58.5,373,7.0,186.5,4,1,97.4,7.5,1.9,6,37,30
Falcons,1,1,0.500,2,26,52,50.0,300,5.8,150.0,2,5,41.0,3.8,9.6,4,23,31
Bears,1,0,1.000,1,15,26,57.7,172,6.6,172.0,2,2,71.3,7.7,7.7,1,0,32
