Opponent,W,L,WIN%,GP,CMP,ATT,CMP%,YDS,AVG,YDS/G,TD,INT
Lions,2,2,0.5,4,71,111,64,873,7.9,218.3,4,2
Dolphins,1,4,0.2,5,109,182,59.9,1290,7.1,258,4,10
Browns,1,1,0.5,2,31,63,49.2,344,5.5,172,2,2
Jaguars,3,2,0.6,5,79,131,60.3,927,7.1,185.4,5,6
Broncos,2,1,0.667,3,44,83,53,592,7.1,197.3,4,1
Colts,3,1,0.75,4,91,129,70.5,1009,7.8,252.3,6,6
Vikings,1,2,0.333,3,48,109,44,541,5,180.3,2,4
Bears,2,1,0.667,3,60,103,58.3,714,6.9,238,4,1
Bills,2,3,0.4,5,100,159,62.9,879,5.5,175.8,4,5
Texans,3,1,0.75,4,81,131,61.8,951,7.3,237.8,7,1
Packers,2,1,0.667,3,77,106,72.6,993,9.4,331,9,2
Patriots,0,4,0,4,66,127,52,691,5.4,172.8,1,9
Cowboys,2,1,0.667,3,50,72,69.4,640,8.9,213.3,4,3
Giants,3,1,0.75,4,54,79,68.4,550,7,137.5,3,2
Commanders,3,0,1,3,40,54,74.1,623,11.5,207.7,8,2
Raiders,1,1,0.5,2,34,52,65.4,501,9.6,250.5,4,1
Bengals,0,1,0,1,28,48,58.3,239,5,239,0,0
Ravens,0,2,0,2,26,46,56.5,299,6.5,149.5,3,2
Steelers,3,1,0.75,4,52,82,63.4,703,8.6,175.8,4,2
49ers,2,2,0.5,4,74,107,69.2,795,7.4,198.8,3,1
Chiefs,0,1,0,1,18,30,60,133,4.4,133,0,0
Seahawks,2,1,0.667,3,50,85,58.8,498,5.9,166,4,0
Rams,2,3,0.4,5,107,160,66.9,1185,7.4,237,6,6
Jets,2,0,1,2,38,66,57.6,458,6.9,229,1,1
Saints,3,1,0.75,4,62,97,63.9,698,7.2,174.5,4,4
Eagles,1,1,0.5,2,21,37,56.8,177,4.8,88.5,1,3
Falcons,3,0,1,3,55,82,67.1,725,8.8,241.7,8,1
Buccaneers,0,4,0,4,95,145,65.5,1091,7.5,272.8,9,3
Cardinals,5,0,1,5,51,72,70.8,675,9.4,135,4,1
Titans,2,0,1,2,36,58,62.1,490,8.4,245,4,0
Panthers,1,0,1,1,18,27,66.7,147,5.4,147,1,1
