Opponent,Record,Win %,GP,CMP,ATT,PCT,YDS,AVG,YDS/G,TD,INT,RTG
Chiefs,4-7,0.364,11,246,368,66.8,2923,7.9,265.7,22,7,102.9
Panthers,1-1,0.5,2,49,69,71,460,6.7,230,3,2,91.5
Buccaneers,0-2,0,2,41,58,70.7,485,8.4,242.5,5,2,110.2
Saints,1-1,0.5,2,40,66,60.6,543,8.2,271.5,6,0,117.2
Jaguars,1-3,0.25,4,87,149,58.4,998,6.7,249.5,5,2,84.2
Broncos,6-4,0.6,10,243,374,65,2499,6.7,249.9,14,8,87.6
Raiders,8-3,0.727,11,255,390,65.4,2909,7.5,264.5,22,3,103.2
Dolphins,2-2,0.5,4,111,154,72.1,1047,6.8,261.8,6,1,100.8
Jets,2-0,1,2,53,79,67.1,502,6.4,251,3,0,97.1
Bills,0-1,0,1,31,52,59.6,316,6.1,316,1,1,75.5
Patriots,2-2,0.5,4,92,163,56.4,925,5.7,231.3,5,4,72.8
Falcons,3-0,1,3,82,110,74.5,635,5.8,211.7,3,2,89.8
Commanders,1-1,0.5,2,53,76,69.7,503,6.6,251.5,2,2,85.6
Cowboys,1-2,0.333,3,76,107,71,865,8.1,288.3,5,3,98.9
Browns,3-0,1,3,66,104,63.5,908,8.7,302.7,7,0,113.8
Ravens,0-3,0,3,72,119,60.5,630,5.3,210,2,2,73.2
Eagles,2-0,1,2,44,64,68.8,495,7.7,247.5,3,1,100.7
Vikings,2-1,0.667,3,78,106,73.6,827,7.8,275.7,7,2,110.1
Steelers,2-1,0.667,3,62,92,67.4,727,7.9,242.3,5,1,104.8
Bengals,2-0,1,2,43,71,60.6,614,8.6,307,5,1,106.2
Giants,1-1,0.5,2,46,72,63.9,478,6.6,239,4,2,89.9
Texans,1-3,0.25,4,89,138,64.5,1154,8.4,288.5,5,7,81.6
Seahawks,0-1,0,1,33,51,64.7,293,5.7,293,2,1,84.8
49ers,0-1,0,1,21,35,60,196,5.6,196,1,1,73
Cardinals,1-1,0.5,2,62,86,72.1,623,7.2,311.5,3,0,104
Titans,3-1,0.75,4,88,130,67.7,1032,7.9,258,5,3,94.8
Colts,1-1,0.5,2,61,86,70.9,655,7.6,327.5,3,3,90
Rams,1-0,1,1,21,28,75,212,7.6,212,2,0,119.9
Bears,1-0,1,1,31,40,77.5,298,7.5,298,3,0,122.7
Lions,0-1,0,1,27,40,67.5,323,8.1,323,4,1,114.9
Packers,0-1,0,1,21,36,58.3,260,7.2,260,2,0,99.3
