Opponent,Wins,Losses,Ties,Win Pct,Games,Completions,Attempts,Comp Pct,Yards,Yards per Attempt,YDS/G,TDs,INTs,Passer Rating,TD Pct,INT Pct,Sacks,Sack Yards Lost,Rank
Rams,3,1,0,0.750,4,61,92,66.3,708,7.7,177.0,5,1,103.0,5.4,1.1,6,44,1
Bengals,1,0,1,0.750,2,16,20,80.0,236,11.8,118.0,1,0,132.5,5.0,0.0,0,0,2
49ers,1,2,0,0.333,3,38,68,55.9,488,7.2,162.7,1,0,83.5,1.5,0.0,5,40,3
Steelers,2,1,0,0.667,3,45,61,73.8,593,9.7,197.7,6,0,136.9,9.8,0.0,6,38,4
Ravens,1,1,0,0.500,2,11,19,57.9,118,6.2,59.0,1,0,93.8,5.3,0.0,2,6,5
Giants,7,4,0,0.636,11,152,247,61.5,1706,6.9,155.1,11,7,85.2,4.5,2.8,23,178,6
Cowboys,5,4,0,0.556,9,157,236,66.5,1879,8.0,208.8,10,5,96.0,4.2,2.1,20,160,7
Browns,1,1,0,0.500,2,16,25,64.0,264,10.6,132.0,2,0,126.1,8.0,0.0,1,8,8
Seahawks,0,2,0,0.000,2,18,32,56.3,149,4.7,74.5,0,2,42.3,0.0,6.3,0,0,9
Packers,3,1,0,0.750,4,56,100,56.0,723,7.2,180.8,6,3,86.4,6.0,3.0,7,33,10
Saints,3,0,0,1.000,3,59,92,64.1,625,6.8,208.3,1,1,82.9,1.1,1.1,7,32,11
Cardinals,1,2,0,0.333,3,68,103,66.0,744,7.2,248.0,6,1,102.6,5.8,1.0,8,54,12
Commanders,7,3,0,0.700,10,178,270,65.9,2152,8.0,215.2,14,3,102.9,5.2,1.1,18,73,13
Falcons,1,1,0,0.500,2,50,65,76.9,447,6.9,223.5,4,1,108.9,6.2,1.5,2,7,14
Chiefs,2,1,0,0.667,3,61,92,66.3,638,6.9,212.7,2,1,88.9,2.2,1.1,10,62,15
Panthers,2,0,0,1.000,2,36,58,62.1,306,5.3,153.0,2,1,80.1,3.4,1.7,6,41,16
Buccaneers,2,2,0,0.500,4,68,117,58.1,680,5.8,170.0,5,3,78.3,4.3,2.6,11,70,17
Raiders,1,1,0,0.500,2,30,49,61.2,411,8.4,205.5,5,0,122.1,10.2,0.0,3,17,18
Lions,3,0,0,1.000,3,41,74,55.4,481,6.5,160.3,0,0,75.3,0.0,0.0,2,15,19
Chargers,0,2,0,0.000,2,32,57,56.1,402,7.1,201.0,1,4,54.9,1.8,7.0,2,16,20
Broncos,1,1,0,0.500,2,39,61,63.9,458,7.5,229.0,4,1,101.7,6.6,1.6,8,31,21
Vikings,3,0,0,1.000,3,63,77,81.8,852,11.1,284.0,5,2,123.6,6.5,2.6,10,42,22
Jaguars,2,0,0,1.000,2,34,49,69.4,434,8.9,217.0,2,1,101.9,4.1,2.0,5,33,23
Texans,1,0,0,1.000,1,21,27,77.8,243,9.0,243.0,2,0,128.9,7.4,0.0,4,26,24
Colts,1,0,0,1.000,1,18,25,72.0,190,7.6,190.0,1,0,107.1,4.0,0.0,3,17,25
Titans,1,0,0,1.000,1,29,39,74.4,380,9.7,380.0,3,0,130.3,7.7,0.0,2,5,26
Bears,1,1,0,0.500,2,41,71,57.7,545,7.7,272.5,2,3,74.0,2.8,4.2,1,6,27
Patriots,1,0,0,1.000,1,22,33,66.7,170,5.2,170.0,1,0,89.2,3.0,0.0,3,16,28
Jets,0,1,0,0.000,1,28,45,62.2,280,6.2,280.0,1,3,59.5,2.2,6.7,2,12,29
Dolphins,1,0,0,1.000,1,23,31,74.2,279,9.0,279.0,2,1,109.5,6.5,3.2,3,23,30
Bills,2,0,0,1.000,2,31,58,53.4,310,5.3,155.0,4,1,84.7,6.9,1.7,3,9,31
