Opponent,Wins,Losses,Ties,Win Pct,Games,Completions,Attempts,Comp Pct,Yards,Yards per Attempt,YDS/G,TDs,INTs,Passer Rating,TD Pct,INT Pct,Sacks,Sack Yards Lost,Rank
Texans,3,7,0,0.300,10,197,341,57.8,2213,6.5,221.3,8,11,71.6,2.3,3.2,13,112,1
Broncos,1,2,0,0.333,3,55,100,55.0,530,5.3,176.7,5,4,70.0,5.0,4.0,8,37,2
Cardinals,1,1,0,0.500,2,40,64,62.5,475,7.4,237.5,4,5,73.4,6.3,7.8,6,36,3
Bengals,0,3,0,0.000,3,63,95,66.3,733,7.7,244.3,5,2,98.3,5.3,2.1,4,26,4
Titans,5,3,0,0.625,8,188,279,67.4,2100,7.5,262.5,14,7,95.9,5.0,2.5,12,107,5
Dolphins,1,1,0,0.500,2,37,62,59.7,481,7.8,240.5,2,0,94.9,3.2,0.0,5,30,6
Seahawks,0,2,0,0.000,2,59,96,61.5,496,5.2,248.0,3,1,80.9,3.1,1.0,8,55,7
Bills,2,1,0,0.667,3,61,101,60.4,611,6.0,203.7,2,1,80.1,2.0,1.0,11,85,8
Colts,7,2,0,0.778,9,196,282,69.5,2085,7.4,231.7,13,4,100.3,4.6,1.4,15,96,9
49ers,1,2,0,0.333,3,54,85,63.5,517,6.1,172.3,1,2,74.5,1.2,2.4,8,40,10
Falcons,1,1,0,0.500,2,46,72,63.9,435,6.0,217.5,2,1,84.0,2.8,1.4,3,24,11
Rams,0,2,0,0.000,2,39,76,51.3,441,5.8,220.5,1,0,73.4,1.3,0.0,9,41,12
Jets,2,1,0,0.667,3,66,102,64.7,839,8.2,279.7,5,0,106.6,4.9,0.0,2,39,13
Patriots,1,1,0,0.500,2,32,47,68.1,386,8.2,193.0,2,3,80.6,4.3,6.4,2,20,14
Commanders,0,1,0,0.000,1,24,42,57.1,275,6.5,275.0,1,1,75.0,2.4,2.4,2,15,15
Chargers,3,0,0,1.000,3,70,108,64.8,703,6.5,234.3,8,5,88.6,7.4,4.6,2,15,16
Eagles,0,2,0,0.000,2,27,54,50.0,343,6.4,171.5,2,3,59.4,3.7,5.6,6,40,17
Giants,0,1,0,0.000,1,22,43,51.2,310,7.2,310.0,0,0,74.8,0.0,0.0,0,0,18
Raiders,2,0,0,1.000,2,48,65,73.8,455,7.0,227.5,1,1,91.5,1.5,1.5,1,4,19
Chiefs,1,3,0,0.250,4,93,145,64.1,913,6.3,228.3,4,2,85.2,2.8,1.4,14,60,20
Ravens,1,1,0,0.500,2,54,80,67.5,585,7.3,292.5,4,0,105.5,5.0,0.0,5,33,21
Lions,0,1,0,0.000,1,17,31,54.8,179,5.8,179.0,1,0,82.6,3.2,0.0,2,14,22
Cowboys,1,0,0,1.000,1,27,42,64.3,318,7.6,318.0,4,1,109.0,9.5,2.4,1,7,23
Saints,1,0,0,1.000,1,20,29,69.0,204,7.0,204.0,1,0,100.4,3.4,0.0,0,0,24
Steelers,1,0,0,1.000,1,24,32,75.0,292,9.1,292.0,1,1,100.0,3.1,3.1,3,21,25
Browns,0,2,0,0.000,2,42,80,52.5,477,6.0,238.5,3,3,67.6,3.8,3.8,8,46,26
Buccaneers,0,1,0,0.000,1,17,29,58.6,211,7.3,211.0,1,2,64.0,3.4,6.9,3,28,27
Bears,0,1,0,0.000,1,23,35,65.7,234,6.7,234.0,2,1,91.8,5.7,2.9,3,20,28
Packers,0,1,0,0.000,1,21,32,65.6,308,9.6,308.0,2,1,104.7,6.3,3.1,1,9,29
Panthers,1,0,0,1.000,1,19,31,61.3,178,5.7,178.0,1,1,74.4,3.2,3.2,0,0,30
