Opponent,Record,Win %,GP,CMP,ATT,PCT,YDS,AVG,YDS/G,TD,INT,RTG,TD%,INT%,SCK,SCKY
Saints,2-1,0.667,3,43,79,54.4,509,6.4,169.7,2,1,77.5,2.5,1.3,2,18
Lions,4-4,0.5,8,124,196,63.3,1549,7.9,193.6,12,5,97.5,6.1,2.6,7,58
Chiefs,1-1,0.5,2,44,70,62.9,457,6.5,228.5,4,1,94.8,5.7,1.4,3,25
Vikings,4-5,0.444,9,121,191,63.4,1291,6.8,143.4,9,4,90,4.7,2.1,9,65
Jets,0-1,0,1,2,4,50,8,2,8,0,0,56.3,0,0,0,0
Eagles,0-4,0,4,63,112,56.3,761,6.8,190.3,3,4,71.3,2.7,3.6,6,41
Bears,4-2,0.667,6,87,126,69,1202,9.5,200.3,9,2,116.6,7.1,1.6,4,31
Falcons,0-1,0,1,14,25,56,151,6,151,3,0,113.5,12,0,1,11
Raiders,0-1,0,1,16,30,53.3,182,6.1,182,0,3,32.2,0,10,2,7
Broncos,0-2,0,2,45,71,63.4,456,6.4,228,3,3,78.1,4.2,4.2,3,29
Rams,2-0,1,2,35,52,67.3,452,8.7,226,3,1,105.6,5.8,1.9,6,43
Steelers,1-1,0.5,2,50,77,64.9,649,8.4,324.5,5,2,102.1,6.5,2.6,1,6
Chargers,1-0,1,1,27,40,67.5,322,8.1,322,2,0,108.5,5,0,3,27
Giants,1-1,0.5,2,38,63,60.3,392,6.2,196,3,1,87.5,4.8,1.6,4,27
Buccaneers,0-1,0,1,29,39,74.4,284,7.3,284,2,0,111.5,5.1,0,2,23
Panthers,1-1,0.5,2,43,65,66.2,492,7.6,246,2,1,92.6,3.1,1.5,2,20
Cowboys,1-0-1,0.75,2,47,64,73.4,609,9.5,304.5,6,0,134.2,9.4,0,1,12
49ers,1-1,0.5,2,34,57,59.6,357,6.3,178.5,4,2,86.7,7,3.5,2,7
Cardinals,2-0,1,2,41,61,67.2,437,7.2,218.5,5,1,108.4,8.2,1.6,1,11
Texans,1-0,1,1,24,33,72.7,220,6.7,220,3,2,95.5,9.1,6.1,3,25
Jaguars,1-0,1,1,14,22,63.6,196,8.9,196,0,1,73.3,0,4.5,0,0
Dolphins,1-0,1,1,21,28,75,274,9.8,274,2,0,129.2,7.1,0,0,0
Seahawks,1-0,1,1,20,27,74.1,229,8.5,229,2,0,123.8,7.4,0,0,0
Commanders,1-0,1,1,19,31,61.3,292,9.4,292,2,0,113.9,6.5,0,2,23
Browns,0-1,0,1,18,25,72,183,7.3,183,1,1,89.3,4,4,5,34
Bengals,1-0,1,1,19,26,73.1,259,10,259,1,1,101.3,3.8,3.8,1,3
