Opponent,W,L,PCT,G,CMP,ATT,PCT,YDS,AVG,YDS/G,TD,INT,RTG
Jets,3,1,0.75,4,51,69,73.9,582,8.4,145.5,6,0,127.8
Texans,0,1,0,1,20,33,60.6,243,7.4,243,3,2,88.3
Jaguars,0,1,0,1,26,37,70.3,276,7.5,276,2,0,109.7
Titans,1,1,0.5,2,50,64,78.1,428,6.7,214,3,2,97.1
Bears,1,0,1,1,15,25,60,184,7.4,184,1,1,79.4
Rams,0,1,0,1,29,39,74.4,282,7.2,282,2,1,100.6
Dolphins,2,1,0.667,3,55,78,70.5,643,8.2,214.3,4,1,106.9
Colts,0,1,0,1,24,30,80,238,7.9,238,1,1,96.9
Cardinals,0,1,0,1,19,23,82.6,202,8.8,202,1,1,99.6
Bills,2,2,0.5,4,58,90,64.4,689,7.7,172.3,2,2,85.8
Chargers,0,1,0,1,12,22,54.5,117,5.3,117,1,0,84.8
Raiders,0,1,0,1,30,46,65.2,287,6.2,287,1,1,80.6
Steelers,0,1,0,1,28,37,75.7,268,7.2,268,2,1,102.1
Panthers,1,0,1,1,14,17,82.4,203,11.9,203,2,0,155.6
Saints,1,0,1,1,18,26,69.2,261,10,261,3,0,140.1
Browns,1,0,1,1,18,24,75,282,11.8,282,3,1,135.8
Falcons,1,0,1,1,19,29,65.5,259,8.9,259,2,1,102.5
Buccaneers,1,0,1,1,16,31,51.6,270,8.7,270,2,1,89.4
Bengals,1,0,1,1,22,35,62.9,294,8.4,294,1,1,87.1
Giants,1,0,1,1,24,31,77.4,282,9.1,282,2,0,126
Ravens,1,0,1,1,31,44,70.5,380,8.6,380,2,1,102.5
