Tm,G,Cmp,Att,Cmp%,Yds,TD,Int,Y/G
Bills,16,266,442,60.2,2615,18,13,163.4
Browns,16,279,448,62.3,2621,22,10,163.8
Vikings,16,273,436,62.6,2701,15,8,168.8
Texans,16,297,503,59,2842,18,18,177.6
Saints,16,294,459,64.1,2887,24,9,180.4
Chargers,16,293,482,60.8,2934,16,19,183.4
Packers,16,339,518,65.4,3074,24,7,192.1
Broncos,16,323,549,58.8,3078,18,9,192.4
Eagles,16,295,522,56.5,3095,13,11,193.4
Patriots,16,334,502,66.5,3173,24,9,198.3
Falcons,16,308,494,62.3,3175,26,15,198.4
Seahawks,16,356,573,62.1,3177,20,17,198.6
Chiefs,16,329,483,68.1,3243,18,9,202.7
Panthers,16,320,485,66,3269,19,14,204.3
Raiders,16,341,493,69.2,3333,23,8,208.3
Jets,16,314,486,64.6,3415,32,,213.4
Rams,16,354,557,63.6,3446,24,15,215.4
Dolphins,16,354,493,71.8,3464,28,9,216.5
Lions,16,322,522,61.7,3490,29,12,218.1
Giants,16,344,526,65.4,3499,25,8,218.7
Bears,17,352,537,65.6,3875,35,22,228
Jaguars,16,376,602,62.5,3590,25,21,224.4
Titans,16,330,482,68.5,3664,27,6,229
Cardinals,16,350,532,65.8,3671,27,10,229.4
49ers,16,378,558,67.7,3770,29,6,235.6
Buccaneers,16,355,533,66.6,3783,28,12,236.4
Bengals,16,337,512,65.8,3893,33,13,243.3
Commanders,16,329,500,65.8,3895,32,7,243.4
Ravens,16,368,578,63.7,3924,22,11,245.3
Steelers,16,385,595,64.7,3924,27,14,245.3
Colts,16,380,595,63.9,4010,23,14,250.6
Cowboys,16,359,523,68.6,4057,33,6,253.6
