Opponent,REC,W%,GP,CMP,ATT,PCT,YDS,AVG,YDS/G,TD,INT,RTG,TD%,INT%,SCK,SCKY
Panthers,2-0,1.000,2,23,32,71.9,193,6.0,96.5,1,3,58.5,3.1,9.4,0,0
Chiefs,0-3,0.000,3,44,78,56.4,533,6.8,177.7,1,4,60.5,1.3,5.1,2,7
Cardinals,5-1,0.833,6,89,127,70.1,1147,9.0,191.2,12,2,123.0,9.4,1.6,8,75
Dolphins,1-1,0.500,2,51,77,66.2,523,6.8,261.5,4,2,92.1,5.2,2.6,6,46
Buccaneers,3-0,1.000,3,62,82,75.6,871,10.6,290.3,7,0,137.8,8.5,0.0,7,43
Seahawks,6-2,0.750,8,159,231,68.8,1944,8.4,243.0,14,6,103.9,6.1,2.6,12,61
Commanders,2-0,1.000,2,37,50,74.0,464,9.3,232.0,4,1,120.8,8.0,2.0,3,16
Raiders,1-0,1.000,1,22,35,62.9,284,8.1,284.0,2,1,95.4,5.7,2.9,0,0
Cowboys,3-0,1.000,3,54,79,68.4,726,9.2,242.0,5,0,118.4,6.3,0.0,5,31
Eagles,1-1,0.500,2,23,31,74.2,337,10.9,168.5,4,0,148.8,12.9,0.0,3,4
Steelers,1-0,1.000,1,19,29,65.5,220,7.6,220.0,2,0,111.3,6.9,0.0,3,17
Rams,1-2,0.333,3,53,86,61.6,640,7.4,213.3,3,1,91.2,3.5,1.2,5,18
Giants,1-0,1.000,1,25,37,67.6,310,8.4,310.0,2,0,111.3,5.4,0.0,2,10
Browns,1-1,0.500,2,28,56,50.0,293,5.2,146.5,2,1,70.0,3.6,1.8,4,25
Vikings,0-2,0.000,2,49,66,74.2,591,9.0,295.5,2,3,92.4,3.0,4.5,7,37
Bengals,0-1,0.000,1,22,31,71.0,365,11.8,365.0,1,2,94.2,3.2,6.5,2,18
Jaguars,1-1,0.500,2,41,64,64.1,605,9.5,302.5,5,2,107.9,7.8,3.1,3,12
Ravens,0-1,0.000,1,18,32,56.3,255,8.0,255.0,0,4,42.6,0.0,12.5,2,8
Packers,1-0,1.000,1,23,39,59.0,252,6.5,252.0,1,0,86.7,2.6,0.0,1,7
Lions,1-1,0.500,2,47,66,71.2,644,9.8,322.0,4,3,103.3,6.1,4.5,4,21
Jets,1-0,1.000,1,19,29,65.5,231,8.0,231.0,0,0,89.9,0.0,0.0,2,6
Patriots,1-0,1.000,1,15,27,55.6,288,10.7,288.0,1,1,89.7,3.7,3.7,1,5
Bills,0-1,0.000,1,11,18,61.1,94,5.2,94.0,0,0,74.8,0.0,0.0,2,8
Bears,2-0,1.000,2,44,58,75.9,628,10.8,314.0,5,1,132.0,8.6,1.7,2,11
Titans,1-0,1.000,1,23,30,76.7,295,9.8,295.0,3,0,140.3,10.0,0.0,2,3
Colts,1-0,1.000,1,25,34,73.5,295,8.7,295.0,5,1,126.8,14.7,2.9,1,0
