Team,Wins,Losses,Ties,Win Pct,Games,Completions,Attempts,Comp Pct,Yards,Yards per Attempt,Yards per Game,TDs,INTs,Passer Rating,TD Pct,INT Pct,Sacks,Sack Yards Lost,Rank
Vikings,19,12,1,0.609,32,694,1026,67.6,7875,7.7,246.1,61,11,105.8,5.9,1.1,85,554,1
Titans,3,3,0,0.500,6,143,224,63.8,1661,7.4,276.8,14,4,99.6,6.3,1.8,14,121,2
Texans,4,1,0,0.800,5,108,163,66.3,1336,8.2,267.2,17,1,123.7,10.4,0.6,7,53,3
Steelers,2,2,0,0.500,4,94,162,58.0,1211,7.5,302.8,9,2,95.0,5.6,1.2,8,42,4
Seahawks,9,6,0,0.600,15,271,423,64.1,3096,7.3,206.4,18,8,92.3,4.3,1.9,35,196,5
Saints,4,3,0,0.571,7,146,217,67.3,1713,7.9,244.7,13,8,95.7,6.0,3.7,9,72,6
Ravens,5,1,0,0.833,6,128,199,64.3,1489,7.5,248.2,9,4,93.6,4.5,2.0,12,74,7
Rams,7,2,0,0.778,9,199,302,65.9,2542,8.4,282.4,17,4,105.3,5.6,1.3,16,106,8
Raiders,3,0,0,1.000,3,64,100,64.0,914,9.1,304.7,8,2,111.8,8.0,2.0,6,42,9
Patriots,4,3,0,0.571,7,133,214,62.1,1563,7.3,223.3,12,2,99.1,5.6,0.9,11,77,10
Panthers,4,3,0,0.571,7,155,248,62.5,1896,7.6,270.9,16,5,99.1,6.5,2.0,20,151,11
Packers,0,1,0,0.000,1,24,36,66.7,219,6.1,219.0,2,0,101.5,5.6,0.0,3,17,12
Lions,19,8,0,0.704,27,563,866,65.0,6817,7.9,252.5,55,12,104.5,6.4,1.4,54,357,13
Jets,4,1,0,0.800,5,125,202,61.9,1448,7.2,289.6,10,0,100.0,5.0,0.0,18,141,14
Jaguars,4,1,0,0.800,5,102,165,61.8,1277,7.7,255.4,10,2,101.0,6.1,1.2,8,62,15
Giants,5,3,0,0.625,8,187,311,60.1,2342,7.5,292.8,23,5,101.5,7.4,1.6,20,115,16
Falcons,5,5,0,0.500,10,268,381,70.3,3145,8.3,314.5,27,3,115.4,7.1,0.8,23,186,17
Eagles,5,3,0,0.625,8,161,239,67.4,1893,7.9,236.6,17,5,106.2,7.1,2.1,12,64,18
Dolphins,5,2,0,0.714,7,158,243,65.0,1851,7.6,264.4,14,3,102.1,5.8,1.2,21,139,19
Cowboys,8,3,0,0.727,11,252,373,67.6,2835,7.6,257.7,19,2,104.8,5.1,0.5,29,226,20
Commanders,4,4,0,0.500,8,203,307,66.1,2262,7.4,282.8,18,1,106.1,5.9,0.3,22,167,21
Colts,2,4,0,0.333,6,141,205,68.8,1416,6.9,236.0,13,3,103.2,6.3,1.5,15,84,22
Chiefs,2,1,0,0.667,3,64,103,62.1,873,8.5,291.0,9,0,118.3,8.7,0.0,10,79,23
Chargers,2,2,0,0.500,4,76,121,62.8,824,6.8,206.0,8,2,98.0,6.6,1.7,13,68,24
Cardinals,3,5,0,0.375,8,177,292,60.6,1856,6.4,232.0,15,4,90.5,5.1,1.4,20,138,25
Buccaneers,3,4,0,0.429,7,161,254,63.4,1809,7.1,258.4,13,11,83.6,5.1,4.3,22,151,26
Browns,4,1,0,0.800,5,106,159,66.7,1111,7.0,222.2,11,0,109.8,6.9,0.0,3,15,27
Broncos,2,2,0,0.500,4,84,131,64.1,945,7.2,236.3,5,1,95.1,3.8,0.8,10,80,28
Bills,3,5,0,0.375,8,122,216,56.5,1464,6.8,183.0,7,7,74.7,3.2,3.2,14,106,29
Bengals,3,3,0,0.500,6,134,212,63.2,1527,7.2,254.5,12,6,91.8,5.7,2.8,19,121,30
Bears,25,5,0,0.833,30,628,938,67.0,7209,7.7,240.3,64,12,107.3,6.8,1.3,58,380,31
49ers,6,8,0,0.429,14,326,485,67.2,3749,7.7,267.8,26,6,103.0,5.4,1.2,38,271,32
