Opponent,Wins,Losses,Ties,Win Pct,Games,Completions,Attempts,Comp Pct,Yards,Yards per Attempt,YDS/G,TDs,INTs,Passer Rating,TD Pct,INT Pct,Sacks,Sack Yards Lost,Rank
Vikings,11,13,0,0.458,24,559,881,63.5,5861,6.7,244.2,38,15,90.0,4.3,1.7,70,470,1
Titans,1,4,0,0.200,5,131,195,67.2,1382,7.1,276.4,6,4,89.3,3.1,2.1,11,79,2
Texans,2,3,0,0.400,5,128,205,62.4,1526,7.4,305.2,8,1,96.1,3.9,0.5,11,68,3
Steelers,0,3,0,0.000,3,60,120,50.0,1016,8.5,338.7,3,2,80.4,2.5,1.7,6,42,4
Seahawks,7,5,0,0.583,12,281,454,61.9,3291,7.2,274.3,18,11,87.0,4.0,2.4,16,121,5
Saints,6,6,0,0.500,12,269,422,63.7,3356,8.0,279.7,27,12,97.8,6.4,2.8,26,151,6
Ravens,2,3,0,0.400,5,108,165,65.5,1311,7.9,262.2,8,6,90.7,4.8,3.6,9,62,7
Rams,2,3,0,0.400,5,119,191,62.3,1283,6.7,256.6,8,6,82.9,4.2,3.1,12,82,8
Raiders,3,1,0,0.750,4,91,151,60.3,1233,8.2,308.3,7,2,96.3,4.6,1.3,9,65,9
Patriots,2,1,0,0.667,3,63,109,57.8,821,7.5,273.7,6,2,92.3,5.5,1.8,3,27,10
Panthers,3,4,0,0.429,7,163,250,65.2,1749,7.0,249.9,12,6,91.6,4.8,2.4,21,142,11
Packers,7,15,0,0.318,22,514,838,61.3,6236,7.4,283.5,41,22,89.6,4.9,2.6,52,343,12
Lions,2,2,0,0.500,4,111,164,67.7,1386,8.5,346.5,8,2,104.9,4.9,1.2,7,38,13
Jets,2,2,0,0.500,4,85,135,63.0,929,6.9,232.3,6,5,82.6,4.4,3.7,6,33,14
Jaguars,5,0,0,1.000,5,112,168,66.7,1263,7.5,252.6,9,1,104.3,5.4,0.6,5,20,15
Giants,5,2,0,0.714,7,157,228,68.9,1873,8.2,267.6,12,7,98.4,5.3,3.1,17,102,16
Falcons,3,4,0,0.429,7,175,290,60.3,2096,7.2,299.4,10,7,83.9,3.4,2.4,11,74,17
Eagles,4,5,0,0.444,9,186,315,59.0,2165,6.9,240.6,18,2,96.3,5.7,0.6,21,136,18
Dolphins,2,1,0,0.667,3,75,108,69.4,790,7.3,263.3,4,2,95.1,3.7,1.9,8,63,19
Cowboys,2,5,0,0.286,7,173,273,63.4,2088,7.6,298.3,8,7,85.8,2.9,2.6,17,120,20
Commanders,6,0,0,1.000,6,139,218,63.8,1638,7.5,273.0,13,2,102.6,6.0,0.9,11,65,21
Colts,4,2,0,0.667,6,157,238,66.0,1961,8.2,326.8,14,4,104.0,5.9,1.7,12,86,22
Chiefs,1,2,0,0.333,3,66,109,60.6,802,7.4,267.3,8,3,96.2,7.3,2.8,10,62,23
Chargers,2,1,0,0.667,3,70,96,72.9,864,9.0,288.0,7,4,107.3,7.3,4.2,4,33,24
Cardinals,11,6,1,0.639,18,382,588,65.0,4361,7.4,242.3,31,10,97.6,5.3,1.7,31,207,25
Buccaneers,6,3,0,0.667,9,207,298,69.5,2458,8.2,273.1,20,7,106.9,6.7,2.3,14,88,26
Browns,4,0,0,1.000,4,90,149,60.4,1198,8.0,299.5,15,4,108.3,10.1,2.7,7,14,27
Broncos,1,1,0,0.500,2,52,75,69.3,549,7.3,274.5,4,2,97.0,5.3,2.7,6,29,28
Bills,1,3,0,0.250,4,92,131,70.2,999,7.6,249.8,5,4,92.4,3.8,3.1,13,76,29
Bengals,1,4,0,0.200,5,102,185,55.1,1255,6.8,251.0,9,7,76.7,4.9,3.8,13,102,30
Bears,12,10,0,0.545,22,525,817,64.3,5985,7.3,272.0,35,24,88.2,4.3,2.9,53,356,31
49ers,5,9,0,0.357,14,362,561,64.5,3787,6.8,270.5,24,9,91.6,4.3,1.6,35,290,32
